0
2
4
8
9
10
11
12
18
19
19
21
22
23
25
27
27
28
29
29
30
30
30
30
30
31
32
36
36
37
39
40
42
42
42
42
43
45
46
47
49
49
50
50
57
59
59
62
63
67
67
71
71
72
81
81
81
82
84
86
87
89
89
90
90
91
92
94
94
97
97
98
99
100
104
109
109
112
116
117
121
122
123
124
124
124
125
126
127
127
127
130
131
133
133
134
138
139
139
139
140
140
141
141
142
143
149
152
153
154
154
154
156
157
157
159
159
160
163
166
167
170
172
172
172
176
179
179
180
181
181
183
183
184
186
189
189
190
192
195
197
197
202
202
205
206
209
213
215
217
219
220
224
225
226
226
227
228
228
229
231
231
232
232
234
234
235
235
237
244
245
248
249
253
253
254
257
259
259
260
261
262
263
263
264
266
269
270
270
270
270
272
274
278
280
280
282
283
285
285
286
289
289
289
290
292
292
294
295
295
297
297
298
304
305
305
308
309
310
312
312
313
314
315
315
317
323
324
324
325
326
327
328
335
335
336
336
337
338
338
339
340
340
341
342
342
343
346
346
346
347
348
350
350
351
353
353
353
354
355
355
358
358
360
362
363
364
364
364
365
367
368
370
373
376
377
377
378
379
379
379
382
386
387
390
393
393
395
398
399
399
403
404
412
412
413
415
417
418
421
421
422
424
427
428
428
429
429
431
431
433
433
435
437
437
437
439
440
443
443
443
444
445
447
450
456
458
460
460
464
465
466
468
471
475
478
480
481
483
487
490
491
491
492
492
493
496
497
498
499
500
500
503
504
504
505
506
506
506
506
506
513
518
522
524
524
527
528
528
532
532
535
537
537
538
538
538
539
540
542
543
545
548
551
551
552
552
555
557
557
559
562
563
566
566
567
567
569
569
569
570
570
571
571
571
573
573
573
574
577
579
580
581
582
583
586
586
587
587
589
590
590
590
593
593
595
596
599
600
601
603
604
606
606
607
610
611
613
613
618
619
620
621
621
622
624
626
627
636
639
639
639
640
641
647
649
649
651
651
652
652
653
657
657
658
659
660
661
667
669
671
673
675
677
681
682
683
683
685
688
690
690
693
698
699
699
700
701
704
705
708
709
709
710
710
711
713
713
715
715
717
720
722
722
723
723
725
726
726
728
729
732
733
734
735
736
742
743
743
747
748
754
754
756
757
760
761
761
762
762
763
769
773
774
776
776
777
777
783
784
787
789
789
790
794
794
794
794
795
797
799
801
802
804
805
806
808
808
812
813
814
814
815
816
818
819
819
819
820
821
822
823
825
828
829
829
833
836
837
839
840
842
844
846
846
850
850
851
853
853
856
857
857
858
859
860
862
862
865
868
868
871
871
872
873
873
878
878
882
882
886
887
888
890
892
892
898
898
899
899
900
902
902
902
902
904
904
907
910
911
912
914
915
916
918
919
919
921
924
924
925
925
925
926
927
928
930
930
931
933
933
933
938
944
945
946
948
949
949
949
950
951
952
954
954
954
955
957
957
959
960
963
964
965
967
967
969
969
969
970
972
973
976
976
977
977
980
980
982
984
985
987
987
987
990
991
993
994
995
996
996
996
996
997
1000
1002
1002
1006
1010
1011
1011
1011
1015
1016
1017
1017
1017
1021
1021
1021
1024
1032
1033
1034
1036
1036
1039
1041
1043
1050
1051
1052
1053
1054
1055
1057
1057
1058
1059
1060
1062
1063
1069
1069
1069
1073
1074
1074
1075
1080
1081
1081
1082
1083
1084
1084
1084
1086
1087
1087
1088
1088
1090
1091
1093
1095
1095
1097
1100
1100
1105
1107
1107
1109
1114
1115
1115
1117
1120
1122
1123
1124
1125
1126
1127
1128
1128
1131
1131
1133
1134
1135
1136
1137
1141
1144
1147
1149
1150
1151
1152
1153
1154
1154
1155
1155
1156
1157
1159
1165
1168
1170
1171
1171
1171
1171
1172
1172
1173
1173
1174
1177
1178
1179
1181
1181
1183
1186
1188
1189
1190
1190
1193
1195
1196
1196
1198
1198
1198
1199
1199
1202
1204
1205
1205
1205
1207
1207
1210
1211
1211
1211
1214
1216
1217
1217
1218
1218
1222
1223
1224
1225
1228
1231
1232
1233
1236
1237
1238
1238
1244
1245
1250
1255
1255
1258
1262
1266
1269
1269
1269
1273
1275
1276
1278
1279
1280
1281
1281
1283
1284
1286
1287
1289
1291
1291
1292
1296
1298
1299
1299
1300
1301
1301
1303
1303
1304
1305
1306
1308
1309
1311
1312
1313
1314
1314
1317
1320
1321
1321
1324
1325
1326
1330
1333
1333
1334
1334
1334
1335
1336
1338
1339
1340
1340
1340
1342
1343
1343
1348
1349
1350
1351
1352
1354
1354
1355
1355
1358
1360
1361
1361
1363
1364
1365
1367
1367
1368
1368
1368
1368
1369
1370
1372
1373
1375
1376
1378
1378
1379
1379
1382
1383
1385
1386
1386
1386
1388
1390
1391
1393
1393
1396
1398
1403
1403
1404
1404
1404
1407
1412
1412
1414
1415
1416
1417
1417
1418
1418
1421
1421
1421
1422
1422
1425
1426
1426
1426
1428
1432
1433
1434
1434
1435
1436
1437
1438
1441
1444
1445
1451
1452
1457
1459
1462
1464
1465
1467
1468
1469
1470
1472
1474
1474
1476
1479
1480
1482
1483
1483
1484
1485
1485
1486
1486
1487
1487
1488
1489
1490
1491
1493
1494
1497
1499
1499
1499
1500
1503
1505
1506
1507
1511
1512
1515
1516
1516
1517
1518
1519
1521
1522
1522
1525
1525
1526
1528
1528
1528
1528
1529
1529
1529
1530
1535
1536
1537
1539
1541
1541
1542
1550
1551
1551
1555
1556
1559
1559
1560
1560
1562
1563
1566
1567
1567
1568
1568
1569
1574
1578
1579
1582
1583
1584
1587
1589
1590
1590
1593
1605
1605
1608
1610
1610
1613
1614
1614
1618
1618
1621
1622
1624
1624
1625
1626
1629
1630
1631
1631
1631
1633
1634
1637
1637
1638
1638
1640
1641
1641
1643
1643
1644
1647
1648
1649
1659
1661
1662
1663
1664
1665
1666
1667
1667
1668
1669
1672
1672
1676
1676
1677
1677
1679
1681
1682
1682
1683
1684
1685
1685
1686
1689
1690
1691
1692
1697
1703
1705
1708
1708
1708
1710
1710
1712
1713
1714
1716
1718
1719
1720
1721
1722
1723
1726
1729
1729
1729
1729
1730
1732
1732
1735
1736
1739
1740
1742
1743
1743
1743
1744
1745
1746
1746
1750
1753
1754
1756
1759
1761
1763
1763
1764
1764
1768
1770
1770
1771
1772
1773
1775
1776
1776
1776
1782
1783
1784
1786
1787
1788
1788
1790
1791
1793
1793
1793
1795
1796
1796
1797
1797
1801
1802
1804
1805
1805
1805
1810
1811
1812
1813
1814
1818
1818
1820
1821
1826
1827
1828
1829
1829
1830
1839
1841
1844
1847
1848
1849
1850
1850
1851
1852
1856
1856
1856
1857
1857
1858
1859
1860
1862
1865
1868
1873
1875
1875
1877
1881
1881
1884
1886
1886
1888
1888
1890
1892
1892
1894
1895
1898
1898
1899
1899
1904
1904
1905
1908
1911
1915
1917
1917
1919
1920
1921
1921
1926
1928
1929
1931
1932
1932
1933
1933
1934
1936
1936
1939
1939
1940
1943
1947
1948
1950
1954
1955
1955
1956
1956
1956
1958
1959
1960
1961
1962
1969
1970
1970
1971
1972
1975
1981
1981
1981
1982
1984
1988
1989
1990
1990
1993
1994
1994
1996
1999
