100
88 48 80 78 78 82 42 39 95 84 70 77 83 46 98 18 35 22 42 76 49 10 85 81 8 57 67 19 4 6 23 92 6 4 70 84 38 13 75 33 49 45 62 33 91 12 51 79 34 45 55 84 56 41 65 16 50 85 35 54 43 58 47 49 14 69 85 4 34 60 37 84 57 51 69 0 15 72 79 50 17 87 86 73 80 3 41 30 40 76 84 83 87 83 84 53 53 69 58 87
29 47 23 86 51 92 39 66 64 18 68 82 57 54 7 37 10 49 67 50 77 52 86 16 87 70 22 40 40 80 80 21 79 55 60 82 48 99 49 64 69 17 98 27 24 6 64 86 7 32 36 36 36 22 5 75 45 27 68 85 59 48 58 38 55 18 73 3 17 22 20 39 91 18 66 67 76 30 53 35 14 42 24 2 16 29 78 61 56 46 98 67 46 57 57 1 75 30 57 45
52 29 84 96 47 2 63 76 32 69 63 99 11 87 53 27 16 83 89 24 81 39 91 27 96 49 81 24 31 90 69 84 19 5 32 18 7 95 46 91 64 10 42 27 97 96 55 66 79 96 42 61 35 86 40 84 35 73 8 66 63 29 2 34 86 86 53 93 82 99 36 98 61 79 78 59 75 33 77 6 81 19 19 16 5 12 0 92 85 60 11 1 89 65 35 75 52 40 20 86
92 57 36 53 36 14 64 63 99 41 21 80 13 41 49 18 5 49 63 90 10 26 43 51 91 79 27 95 71 99 81 15 56 70 69 44 84 85 59 84 27 81 16 92 74 65 62 79 67 25 21 77 51 65 80 95 96 59 90 19 59 24 35 67 94 56 12 30 41 71 66 20 4 83 12 30 48 75 61 67 52 83 96 56 48 77 3 96 36 93 15 95 69 50 15 63 6 27 46 0
50 12 20 55 95 85 37 96 12 99 63 64 82 60 72 82 89 75 78 25 21 93 73 90 96 88 6 54 67 52 54 17 16 27 24 64 12 62 60 24 61 75 40 95 87 13 77 76 88 7 54 9 0 79 52 48 19 58 3 86 62 57 3 78 84 80 42 48 42 54 24 55 82 65 50 21 78 79 98 18 86 4 80 38 35 32 87 54 42 90 40 4 99 95 34 36 75 29 36 69
83 61 24 17 26 26 39 56 5 89 74 91 45 54 82 80 38 69 34 80 11 74 36 62 21 71 50 97 0 87 18 35 48 43 5 26 21 44 82 79 85 8 70 30 63 4 10 1 73 44 34 36 70 70 99 91 41 49 88 93 88 7 81 88 2 38 14 75 82 48 54 67 57 77 49 72 81 59 25 55 3 59 43 73 30 42 64 23 44 5 69 32 64 2 21 18 40 87 93 22
36 48 41 93 25 90 65 6 49 42 13 4 2 57 29 32 51 45 7 95 50 76 80 66 78 53 84 18 40 78 92 76 26 85 21 3 27 38 9 28 81 23 32 35 32 13 19 83 59 26 31 61 55 11 28 33 16 64 4 56 42 48 85 20 34 58 23 61 49 85 90 30 60 74 65 92 88 84 27 47 62 58 60 17 69 88 3 37 5 7 46 47 55 31 20 41 41 95 3 90
80 45 72 40 71 37 84 59 73 12 58 36 70 19 53 92 59 56 29 64 15 75 64 23 58 36 64 52 31 19 42 12 16 15 4 88 4 89 47 78 53 58 66 75 29 71 67 40 80 49 5 95 76 21 18 87 57 35 39 88 54 33 52 71 48 9 59 53 50 58 83 3 16 49 78 97 72 98 38 52 99 43 48 27 16 18 14 25 53 53 13 8 87 18 31 87 27 90 92 77
0 75 80 69 76 10 66 49 60 4 53 59 99 1 87 15 72 53 40 25 59 6 85 98 24 16 85 3 58 30 80 59 5 12 28 34 74 46 35 35 51 88 46 50 42 85 18 14 39 10 91 98 16 77 96 92 93 33 95 4 63 27 63 21 91 43 7 66 89 42 53 92 82 99 43 76 37 13 90 76 23 34 26 92 11 74 84 56 7 32 60 71 11 75 44 3 70 51 21 12
45 74 4 27 25 99 56 62 12 46 90 36 32 16 28 43 90 64 0 50 48 12 73 60 88 17 15 58 68 36 22 13 62 27 92 39 26 48 54 91 47 44 79 79 13 7 75 55 23 75 5 72 87 30 84 27 47 99 38 67 87 60 32 49 39 25 88 18 25 42 9 24 39 88 4 4 47 79 11 22 6 17 94 45 99 30 73 47 29 11 14 16 23 47 17 63 24 6 81 1
0 90 26 91 30 82 47 29 13 59 51 19 76 98 64 27 28 89 74 58 52 41 26 28 40 44 91 64 2 24 17 2 66 43 46 96 25 93 25 38 52 28 9 80 26 26 8 55 15 34 65 20 75 91 48 15 35 39 31 89 15 49 92 81 92 90 77 70 83 54 60 88 82 70 68 61 96 28 16 63 63 33 83 38 24 31 6 12 22 37 1 37 38 45 70 31 35 47 53 71
53 13 59 88 83 79 49 31 60 17 95 23 2 78 61 26 62 19 90 36 57 44 26 95 41 96 78 29 96 31 0 1 97 11 41 32 42 42 64 2 59 59 25 61 89 39 40 3 58 82 40 67 26 18 15 68 66 93 49 62 77 49 16 26 12 57 58 6 0 22 9 11 81 86 25 71 77 17 26 88 99 66 55 78 36 22 98 3 16 47 17 45 48 33 71 12 91 29 18 91
52 79 54 85 18 79 8 95 96 35 35 96 53 91 26 90 13 24 45 81 23 62 78 71 96 49 83 87 31 53 30 35 33 84 20 51 16 81 46 12 16 82 60 21 25 86 11 90 62 8 24 85 71 2 8 67 4 43 6 87 97 88 22 30 24 94 81 40 75 79 5 43 13 65 65 90 4 28 33 18 37 9 56 60 63 64 79 67 8 37 6 5 25 28 87 1 75 20 94 2
51 99 46 17 16 63 7 20 91 92 91 80 1 47 92 65 11 71 84 71 8 43 28 85 23 67 87 98 87 81 1 39 32 99 56 48 62 15 21 5 60 12 38 13 59 30 30 22 2 67 46 62 10 74 48 33 42 87 32 81 68 85 72 52 84 80 0 46 48 73 51 8 85 41 21 96 72 52 19 26 19 17 88 81 91 36 14 85 23 46 19 43 31 91 95 67 72 48 13 20
21 17 80 59 58 53 55 82 57 26 8 28 43 97 9 87 85 24 24 9 22 43 4 6 87 52 73 59 52 39 31 73 56 63 84 66 16 40 49 26 18 9 54 62 6 64 1 92 40 25 53 62 69 9 68 8 61 94 19 13 33 2 39 89 65 23 7 33 15 8 59 34 18 66 48 76 30 49 68 22 26 73 84 47 83 5 55 96 99 74 10 84 76 49 25 93 24 32 27 40
41 38 26 59 4 26 87 86 75 56 8 53 81 93 1 16 50 56 13 1 83 23 85 59 24 10 5 48 94 32 40 35 22 18 46 27 44 34 65 71 42 74 25 75 19 26 92 69 34 5 22 17 80 7 29 4 69 34 4 63 18 97 99 40 15 97 19 60 31 85 31 25 59 8 1 30 34 93 99 21 50 21 90 30 80 71 86 49 5 90 12 75 87 63 68 55 61 87 15 44
24 98 70 83 7 23 13 93 68 64 66 18 37 57 0 17 28 86 18 86 28 31 13 68 46 81 23 7 69 90 4 93 88 26 29 47 49 94 41 69 11 7 39 48 16 39 18 45 77 36 83 57 19 96 25 66 78 0 73 99 42 77 44 31 55 73 78 4 20 71 73 31 31 12 31 47 3 49 44 80 86 27 90 5 76 67 71 6 68 97 5 10 26 49 93 82 75 24 38 95
47 12 78 78 76 9 26 32 59 70 64 97 50 54 54 78 22 78 84 42 75 89 4 53 90 50 35 65 74 74 12 21 38 42 52 66 52 78 98 63 0 15 12 2 69 66 80 43 96 64 85 71 53 42 77 96 92 12 61 18 38 26 91 28 20 43 47 72 73 97 87 74 12 51 28 34 70 9 77 66 73 63 38 79 57 67 75 49 79 88 67 70 66 10 50 87 54 49 11 27
47 99 53 11 2 82 45 72 43 23 39 16 38 29 47 95 96 74 44 27 63 63 97 29 25 0 68 79 49 80 59 48 31 64 60 33 46 5 6 89 80 97 58 18 26 5 13 22 80 9 49 95 24 99 76 50 51 45 81 0 25 40 1 8 5 61 41 3 18 99 45 99 96 3 69 22 60 83 96 92 44 46 39 21 97 16 71 48 13 4 0 90 45 1 98 2 14 91 57 33
91 2 84 39 57 53 62 18 88 10 62 85 56 54 6 53 70 29 53 35 33 54 25 30 7 23 32 22 14 90 7 57 44 43 97 2 48 11 72 37 21 34 74 30 88 80 35 10 61 89 45 94 95 22 77 2 97 9 24 64 51 83 21 96 26 70 98 75 81 22 64 55 8 38 85 49 70 20 59 83 61 57 29 56 31 6 59 29 16 35 93 19 71 66 67 97 37 17 24 70
39 40 25 48 30 62 97 52 83 8 35 96 17 65 53 49 71 64 78 39 99 23 11 22 89 78 20 26 96 96 49 35 37 74 83 19 37 32 72 72 41 7 68 58 24 21 7 96 37 37 87 89 60 98 11 2 29 83 80 25 80 29 60 69 4 96 88 93 80 60 65 21 20 85 32 44 59 39 40 96 29 80 85 41 30 97 43 59 80 76 84 12 5 97 81 61 45 70 54 25
82 71 47 2 9 31 47 68 22 39 16 51 71 2 45 2 51 40 61 83 16 98 96 22 47 29 83 92 51 90 69 34 13 68 88 22 99 35 42 22 27 59 73 98 13 18 52 64 59 14 47 27 64 95 49 11 25 85 55 76 27 24 10 40 93 51 15 92 86 9 14 65 68 40 64 33 10 16 97 21 82 97 49 46 44 98 9 69 35 64 98 62 89 60 3 34 11 70 26 98
79 93 15 0 33 79 33 95 48 83 17 30 32 66 29 76 16 90 98 52 55 96 14 96 56 69 30 20 91 56 70 71 49 85 71 34 65 56 30 65 91 47 47 23 65 28 52 33 19 50 85 74 98 52 70 6 73 0 26 65 8 96 88 10 82 11 44 99 67 26 16 59 73 63 34 90 92 86 24 63 88 61 37 86 65 59 93 91 11 71 8 19 68 96 29 2 7 26 53 26
52 69 37 78 84 72 68 28 58 44 91 47 58 28 85 23 39 78 66 50 50 74 70 70 70 51 24 29 77 77 56 30 98 45 8 82 17 28 11 28 25 2 27 83 83 12 58 74 43 25 25 45 51 47 67 22 98 91 3 28 68 11 58 66 57 18 48 26 98 11 54 23 66 33 58 1 98 17 75 93 94 52 38 45 99 5 19 50 96 23 78 16 34 88 34 91 58 82 70 56
46 24 80 12 10 38 65 8 7 40 1 1 93 91 47 44 48 66 94 96 41 72 12 76 12 98 19 70 80 89 27 78 66 59 42 28 49 7 88 57 48 41 10 93 32 9 37 32 28 32 28 69 56 92 97 69 90 17 91 22 58 18 53 76 29 95 4 31 3 92 40 3 33 50 96 17 12 85 1 40 17 29 61 26 73 59 47 15 28 38 90 38 9 43 15 90 38 71 21 93
16 61 96 1 64 44 19 76 30 72 68 99 54 29 77 27 88 24 95 16 15 85 55 76 28 22 18 18 93 40 12 9 53 60 11 69 5 82 45 35 6 13 86 60 95 64 88 83 88 35 52 55 20 59 83 0 81 2 70 26 94 34 88 47 95 51 69 52 85 14 39 91 80 25 52 27 89 92 10 30 27 14 85 99 73 69 99 6 23 21 33 17 56 21 16 3 72 85 55 9
52 94 0 84 71 52 11 61 44 21 91 71 88 28 70 61 49 21 68 72 43 53 41 51 74 58 54 98 95 61 7 47 7 59 31 78 12 42 91 8 16 82 32 4 63 2 17 64 76 85 89 71 90 30 74 64 40 80 14 36 41 73 35 48 33 67 78 97 61 70 5 29 4 37 85 19 92 55 84 68 92 73 91 83 55 65 99 48 45 14 84 38 39 71 38 72 90 16 69 52
38 75 33 43 64 71 62 56 26 98 76 18 71 67 53 79 84 53 27 81 67 63 71 6 34 9 31 25 78 0 29 16 27 14 11 92 85 74 0 63 72 77 34 96 96 87 27 33 40 54 14 59 69 38 18 3 47 49 80 77 1 61 94 81 76 5 25 13 31 25 77 4 54 63 52 51 2 79 84 43 85 50 54 54 88 72 9 88 73 42 65 27 3 11 8 31 17 85 45 48
10 74 4 65 37 8 68 39 39 4 34 24 6 89 30 47 13 92 35 39 34 52 66 89 64 26 21 33 11 66 33 73 40 38 90 29 98 58 20 38 62 55 62 69 96 93 16 61 37 3 0 71 7 18 60 71 44 81 4 7 99 38 81 91 28 71 20 26 82 93 64 44 0 79 65 96 24 33 9 61 36 62 84 44 32 44 67 29 78 24 36 77 14 69 21 42 41 93 20 23
86 37 19 86 16 37 34 40 70 44 53 59 58 37 55 90 33 22 19 11 46 8 41 60 77 62 54 70 55 27 93 94 64 65 80 32 2 15 24 72 11 77 83 69 66 38 11 99 61 31 11 59 39 4 72 16 18 78 39 25 5 32 19 21 49 0 53 3 67 77 28 78 6 11 99 72 50 10 72 63 93 35 22 84 91 94 53 9 25 92 34 30 76 54 52 26 6 57 29 73
87 57 3 93 21 54 18 71 16 90 34 10 77 8 46 68 55 99 29 80 43 63 62 20 69 66 98 75 24 79 0 11 89 3 56 62 57 74 33 74 16 19 36 93 27 82 13 82 34 42 14 77 58 77 49 27 43 99 55 67 31 55 30 72 59 87 34 68 61 19 42 78 38 78 23 17 61 37 0 47 31 14 76 41 91 26 69 87 77 76 6 60 31 37 32 42 76 18 11 37
37 53 67 75 84 91 93 97 80 45 44 63 11 20 5 55 98 26 42 28 2 48 88 85 37 73 80 13 91 91 3 81 96 70 8 80 13 53 77 45 98 73 61 62 94 66 17 44 44 11 72 98 11 61 83 49 86 15 14 77 6 17 58 55 88 67 35 53 20 65 51 71 38 12 33 84 78 2 29 74 65 1 72 76 14 7 77 0 23 92 30 29 9 40 84 49 7 72 55 80
89 6 3 27 18 88 64 48 90 93 22 7 46 94 83 13 1 13 13 24 5 95 6 66 36 90 16 95 14 71 75 3 77 30 83 47 18 47 95 60 92 17 67 90 11 3 3 64 16 69 89 21 64 95 87 0 37 55 96 52 78 23 7 7 54 90 54 24 89 1 37 33 18 56 24 81 59 79 46 75 48 87 48 13 82 88 65 19 95 61 23 74 37 31 81 43 73 88 19 15
89 56 48 60 13 24 41 24 4 87 0 4 74 0 69 8 40 35 80 36 48 55 62 85 86 95 80 12 83 0 27 25 8 27 85 21 52 26 46 8 66 98 12 92 50 82 1 91 69 33 79 17 88 41 55 27 36 87 39 72 87 18 97 96 45 82 69 49 60 67 57 26 17 70 71 20 4 24 63 73 57 42 90 45 35 97 72 23 85 63 95 24 33 44 20 79 26 42 28 39
61 86 65 31 8 88 51 12 12 14 85 69 8 27 67 43 77 91 66 62 7 14 86 40 58 59 19 37 53 0 76 14 38 93 45 46 82 48 10 94 62 47 16 70 74 35 65 51 26 84 65 85 98 52 26 56 11 97 93 16 97 21 30 35 15 28 33 97 76 43 43 91 90 11 61 17 46 79 20 25 63 86 10 61 38 36 69 1 34 63 17 83 36 99 71 51 79 4 0 56
0 44 47 42 55 60 59 54 39 80 79 54 18 89 15 56 78 85 9 64 0 78 99 36 29 70 40 9 27 40 17 79 84 16 21 92 76 33 98 68 65 77 22 83 18 90 91 48 75 52 64 27 82 64 15 11 86 55 72 13 96 89 44 32 5 18 76 34 51 74 2 68 3 76 51 22 66 94 22 41 46 87 20 80 3 36 91 89 91 64 55 87 5 99 72 11 17 48 45 20
23 99 88 26 75 91 0 42 85 75 83 83 62 4 63 65 40 7 6 83 71 61 71 28 13 43 39 30 43 36 3 18 35 91 97 11 35 97 53 72 24 88 56 38 44 71 55 36 78 62 20 1 75 43 30 88 38 21 71 81 58 74 0 93 17 97 56 52 46 9 25 71 50 33 61 94 4 17 31 35 79 3 88 54 46 18 43 84 92 14 17 50 40 17 95 57 66 52 62 65
13 87 88 63 72 49 10 76 66 41 63 45 44 52 52 42 22 47 26 14 13 43 16 53 13 64 62 31 16 24 96 81 63 84 97 35 86 7 64 52 0 27 50 96 79 54 38 54 1 16 68 14 11 37 19 24 1 81 8 69 58 4 50 21 41 99 9 79 6 73 31 6 0 33 2 32 87 40 86 88 8 6 54 20 43 73 44 96 7 4 65 65 61 68 38 54 67 47 33 26
72 16 32 25 50 87 9 37 79 47 78 88 53 32 8 49 58 4 97 65 61 63 82 22 83 72 76 2 72 61 28 44 77 13 21 27 0 30 17 31 77 95 71 83 79 31 84 37 88 81 54 49 96 88 71 79 61 99 82 85 60 10 81 37 75 3 17 27 33 34 59 63 29 82 98 60 14 82 98 2 63 4 3 12 93 26 91 6 25 25 43 37 88 24 74 63 79 91 91 65
77 2 28 6 84 26 67 98 60 17 52 75 73 55 87 18 81 31 24 58 56 19 95 44 44 22 60 23 13 51 88 91 53 68 49 37 46 68 88 6 37 92 82 11 48 21 29 81 52 6 92 61 25 87 57 21 9 17 45 75 20 85 18 73 54 19 63 52 88 3 59 77 95 93 88 95 14 70 29 19 76 21 80 1 8 37 23 70 7 20 45 27 5 15 1 11 34 16 64 74
19 75 52 14 68 40 62 82 10 91 1 38 12 33 40 72 71 15 42 30 87 39 57 44 54 58 56 41 26 72 15 45 47 19 12 15 60 74 49 22 65 3 13 29 88 5 1 11 20 96 41 7 35 99 51 42 9 59 35 36 83 50 33 30 70 45 97 82 71 99 56 36 54 69 17 42 26 19 54 46 67 47 5 54 46 9 96 56 20 31 44 4 34 77 86 56 23 84 90 94
35 98 83 89 20 52 83 46 23 89 45 90 37 50 45 83 11 93 91 84 77 35 88 63 13 74 19 88 10 61 34 45 59 69 34 79 22 18 78 45 7 23 36 96 25 33 80 37 26 23 21 55 59 61 18 24 35 37 64 46 50 98 43 10 68 78 41 42 48 19 87 7 42 75 4 68 60 36 57 39 59 30 94 18 91 13 94 78 2 58 76 53 9 20 15 29 50 56 71 98
28 10 57 22 38 13 90 98 49 99 89 9 29 84 79 72 49 74 3 51 84 79 4 93 99 71 74 49 28 45 99 8 8 9 30 46 22 73 96 72 72 38 33 54 22 12 78 71 38 81 74 23 61 31 68 12 2 43 14 82 40 65 90 48 74 21 46 49 46 95 21 70 33 54 24 7 18 55 30 57 36 4 32 49 87 52 62 90 95 28 72 88 93 15 36 20 88 35 69 34
82 42 4 67 48 81 26 66 88 56 75 24 12 7 74 0 12 88 42 7 68 66 95 61 81 84 33 21 71 2 7 53 96 64 72 44 45 98 11 33 54 38 9 18 46 35 18 10 75 12 17 43 79 65 57 60 1 90 34 24 45 41 77 41 5 1 86 2 99 49 87 5 87 97 23 85 84 94 95 60 6 65 55 85 82 12 98 83 55 32 7 0 73 36 93 31 37 31 33 88
80 73 45 20 70 68 57 6 14 53 66 73 70 74 10 52 86 60 87 93 92 94 93 18 82 39 1 71 70 34 11 3 59 56 23 29 76 80 88 91 85 6 16 55 80 78 7 67 39 94 12 83 40 58 53 74 97 54 45 67 41 56 22 0 12 45 82 41 78 70 84 63 76 0 71 57 78 30 76 17 77 88 1 69 46 6 44 95 61 41 63 2 50 37 2 14 83 36 55 13
6 39 28 83 39 99 92 70 82 68 39 59 8 92 28 7 99 24 2 60 66 17 14 68 55 68 82 90 5 38 3 11 77 83 46 69 83 90 91 17 10 30 76 19 23 56 26 74 33 28 34 51 98 0 19 53 68 1 43 25 91 98 37 21 81 35 42 16 26 33 33 36 15 61 7 90 70 85 64 3 66 50 6 64 50 25 17 71 78 12 96 70 10 85 43 91 21 85 8 99
70 93 87 85 55 47 76 25 32 92 80 98 43 86 62 45 63 31 16 41 43 13 63 5 98 6 97 71 43 57 22 13 2 10 51 57 9 79 34 41 71 14 40 66 52 54 64 15 38 80 57 81 45 72 39 44 79 88 67 74 45 90 40 47 52 91 57 61 22 91 54 93 58 94 12 62 1 76 78 39 8 87 72 54 11 63 50 42 51 69 17 96 11 57 96 63 48 5 76 70
48 31 15 58 77 79 21 30 7 51 21 68 90 46 74 1 9 76 44 61 45 61 9 57 18 5 72 18 62 49 40 11 32 7 69 9 87 90 40 46 41 61 14 83 7 88 85 69 64 81 30 62 42 39 19 12 97 91 82 59 92 22 70 24 81 40 86 20 82 78 67 76 39 81 59 99 22 96 20 38 77 50 0 71 89 19 83 86 63 17 98 7 91 68 32 73 60 70 93 95
48 12 71 39 46 82 90 68 79 10 6 56 60 7 28 2 78 63 40 93 81 38 1 24 59 85 97 71 55 43 66 3 55 37 42 1 72 33 21 51 95 80 59 56 87 39 58 17 55 98 11 88 89 12 12 48 97 10 19 4 5 38 7 60 27 1 14 99 86 35 2 82 15 62 90 54 53 0 24 8 50 35 96 39 99 61 39 48 23 11 52 28 49 11 40 76 64 54 76 51
90 78 85 57 92 75 64 98 27 88 6 77 75 55 69 74 68 8 22 91 19 26 19 20 37 59 97 1 66 25 4 8 55 89 65 0 16 81 98 95 69 56 73 44 63 42 70 31 2 44 22 22 70 93 94 59 5 91 13 23 16 17 31 24 59 48 24 27 30 22 23 51 78 48 48 94 42 18 25 44 63 0 18 85 45 13 97 2 56 10 25 25 79 56 49 90 5 73 18 35
47 93 38 25 41 86 19 35 5 97 79 20 97 98 57 94 63 54 97 19 64 22 44 44 31 93 86 36 18 4 23 65 49 61 43 42 48 14 77 5 63 57 77 12 7 34 7 70 89 4 41 5 78 86 1 9 31 88 97 50 92 20 67 94 34 62 36 34 77 14 91 40 71 68 53 30 2 12 52 91 16 93 97 46 79 98 56 63 38 53 65 31 26 32 25 12 95 61 46 24
27 89 64 50 57 69 80 59 81 32 3 49 26 52 96 57 2 4 20 41 9 85 24 35 70 49 47 17 62 45 41 42 34 57 92 43 79 73 3 60 57 58 62 83 10 58 41 12 62 13 5 71 51 29 59 73 30 58 90 45 56 83 87 42 40 79 86 19 4 41 32 62 99 94 97 61 4 90 25 18 4 31 41 7 60 0 80 43 11 22 88 19 5 27 61 97 6 47 17 63
40 1 25 39 47 22 0 51 13 78 69 69 9 10 28 21 63 8 16 26 82 4 45 87 31 6 84 90 6 53 5 46 6 82 38 53 4 90 4 69 68 25 90 29 88 18 51 3 78 67 29 60 24 26 47 7 84 84 49 90 89 54 89 96 36 27 49 93 17 6 14 38 31 5 67 71 75 70 26 54 90 55 66 66 33 66 73 18 50 23 60 39 29 1 87 66 28 37 11 98
95 25 88 78 82 55 50 58 78 76 64 68 84 30 34 17 48 59 87 98 34 0 90 64 1 77 82 82 66 93 80 61 18 68 40 1 75 42 11 53 18 27 73 54 9 7 24 58 67 11 8 1 63 98 17 65 28 99 47 46 92 79 60 63 99 0 16 74 94 27 80 64 6 53 19 15 13 43 73 80 6 82 33 70 32 3 87 12 2 34 11 95 13 71 10 12 71 26 38 17
53 18 81 59 24 0 26 37 95 0 69 54 34 54 76 18 57 63 83 60 49 94 7 14 65 17 26 88 43 16 5 48 87 86 59 11 39 85 0 34 37 69 40 23 23 16 42 33 31 77 93 80 71 52 94 36 69 72 24 64 41 81 12 28 67 23 91 6 8 91 93 98 12 33 21 87 50 15 20 81 92 65 14 63 17 8 51 38 33 27 54 74 8 66 2 76 41 45 34 50
88 27 0 0 61 21 39 11 89 12 44 33 29 58 49 99 19 0 37 52 80 92 78 88 10 32 16 52 77 51 54 65 78 54 17 39 27 8 2 68 20 47 2 2 57 51 1 28 3 90 32 83 34 10 72 45 42 88 49 71 39 55 88 70 61 57 9 40 66 12 9 38 11 11 40 20 62 41 1 17 84 33 1 18 96 73 63 38 13 64 62 53 19 50 23 32 8 84 73 74
48 82 64 11 93 57 32 7 50 33 24 34 18 77 53 14 50 16 5 64 33 67 69 4 17 44 37 25 28 10 51 29 92 68 40 37 25 24 96 75 9 72 10 28 50 63 94 52 31 99 16 16 66 37 21 84 81 58 61 62 20 65 43 12 33 83 1 10 60 49 85 69 21 47 49 23 10 44 76 94 43 44 10 10 34 31 46 67 41 59 29 61 76 24 25 61 8 78 71 20
27 9 89 1 56 91 76 19 35 52 13 30 49 75 92 83 59 90 50 0 50 32 14 26 56 91 40 16 70 11 88 49 20 78 50 77 21 27 48 56 31 13 38 32 88 31 67 99 21 70 0 23 2 66 2 10 57 42 79 79 53 67 29 26 97 31 55 18 10 3 26 94 16 65 26 56 48 46 56 69 16 8 93 70 74 47 80 83 89 11 15 42 31 96 20 80 27 75 99 90
78 77 84 46 94 62 3 42 8 59 64 76 67 9 46 93 56 79 76 45 90 43 39 73 39 60 54 67 87 5 9 66 82 93 12 29 7 15 23 68 26 87 44 93 48 91 86 4 22 15 1 64 58 93 38 50 5 92 17 92 49 26 10 83 71 75 12 30 42 36 98 69 75 95 62 24 38 1 80 60 68 34 24 78 79 14 28 84 6 97 28 7 75 39 91 98 66 3 29 8
91 79 77 19 74 92 43 12 45 75 24 65 61 49 43 40 63 72 76 22 21 5 29 97 96 20 95 62 76 76 22 67 56 0 38 30 44 33 95 89 9 19 54 22 20 49 63 36 73 39 58 95 44 39 92 92 12 39 6 88 16 29 7 72 29 46 54 25 79 1 66 40 21 72 63 93 21 78 29 95 17 87 42 14 79 34 6 91 25 13 31 41 94 38 65 75 36 20 0 68
21 66 60 94 38 23 88 11 1 17 58 71 57 0 85 88 86 43 79 12 8 62 5 2 52 71 77 89 43 77 9 16 95 69 63 85 45 3 49 98 72 7 69 29 8 6 69 46 2 0 10 10 62 16 65 15 39 42 56 34 72 65 2 19 86 65 5 31 68 54 82 41 13 3 22 73 10 92 20 64 44 30 74 7 98 39 74 89 34 30 23 6 47 26 77 33 43 82 17 12
88 99 5 2 54 27 75 16 71 47 80 16 78 55 75 28 46 49 18 80 31 93 38 78 71 16 63 15 50 80 27 39 31 84 93 38 11 20 54 35 68 35 51 98 42 78 26 88 27 44 21 58 90 11 88 61 79 51 76 30 84 55 21 67 39 66 5 3 86 60 38 54 95 41 52 89 71 31 77 98 27 50 8 17 62 96 79 93 47 55 23 83 63 96 51 2 62 8 57 49
68 47 55 15 40 60 4 11 91 34 61 18 84 69 36 98 65 15 92 65 22 67 0 85 16 51 40 30 60 49 31 80 97 87 96 89 47 52 1 38 86 14 56 23 84 44 21 1 59 65 18 34 85 19 71 1 70 63 31 82 13 63 63 62 2 11 3 1 63 4 39 2 71 47 25 55 92 98 8 3 16 27 89 1 46 61 54 68 24 37 51 89 0 66 3 54 29 7 55 92
63 46 46 34 46 71 41 38 22 50 93 38 77 83 39 23 96 45 91 72 82 94 62 35 12 17 89 41 24 97 86 40 43 32 74 89 56 16 79 78 66 25 16 95 60 7 18 56 52 61 28 86 8 42 21 20 12 11 62 36 60 48 76 3 80 3 45 36 71 76 66 37 1 34 84 61 41 2 17 45 15 98 32 23 92 5 96 4 68 10 93 28 58 21 84 90 24 29 79 95
5 97 84 7 32 20 20 25 22 90 71 90 88 55 65 80 60 61 37 81 23 30 9 33 51 93 24 28 74 55 75 80 52 12 39 36 32 59 62 7 49 33 97 89 40 14 22 52 28 59 33 51 41 95 85 44 88 61 72 63 16 0 95 20 12 34 57 96 45 71 3 47 4 52 36 96 67 58 0 95 69 34 46 10 29 83 55 69 44 79 32 12 31 27 33 95 13 42 92 59
13 47 6 69 0 94 17 19 5 17 14 74 3 12 37 84 96 44 54 40 23 38 5 55 18 38 2 31 32 94 42 97 42 0 18 94 95 87 13 0 4 79 26 60 43 63 44 91 7 98 32 31 89 37 38 7 27 92 38 11 87 33 60 29 33 30 23 80 17 88 32 73 67 59 33 10 22 30 2 30 80 86 13 69 75 3 76 54 95 67 17 34 0 77 15 85 59 38 66 76
78 98 1 45 57 87 8 32 17 62 62 97 0 27 19 75 82 95 81 77 62 98 12 14 27 27 0 86 18 66 14 48 16 67 46 26 54 54 58 71 16 72 21 16 51 40 43 33 87 24 62 2 74 26 16 53 6 68 91 76 34 57 24 3 24 70 81 79 76 39 2 44 63 75 12 66 67 55 99 55 31 13 9 57 40 25 10 98 94 53 74 80 10 50 35 35 73 16 66 49
55 20 46 70 96 58 36 15 66 87 70 97 1 79 7 93 57 69 43 3 23 17 83 33 19 19 20 44 35 38 46 43 59 92 65 7 50 54 22 16 41 45 66 94 76 73 87 33 42 30 36 17 99 72 3 71 43 23 15 30 62 61 25 73 53 91 80 56 97 2 72 38 47 38 33 24 63 72 9 58 55 98 75 54 22 78 77 65 54 93 47 68 6 73 41 60 16 73 16 13
75 40 3 75 31 88 51 46 61 60 4 16 10 80 22 32 10 0 97 16 93 97 84 99 22 77 11 38 2 79 3 30 72 58 5 3 47 56 49 8 68 6 76 79 86 98 11 48 98 61 17 91 10 1 43 32 31 6 22 85 38 25 15 10 35 20 65 82 28 14 90 49 20 18 80 58 17 43 59 15 56 76 59 66 29 54 98 12 60 20 98 98 97 13 60 33 86 25 15 66
40 58 67 12 76 47 23 93 91 82 61 47 10 20 66 39 26 64 4 38 85 2 37 82 67 97 67 53 75 83 72 67 41 39 79 69 87 54 15 30 88 76 29 98 48 95 90 74 60 94 12 97 48 1 31 15 51 99 21 26 82 93 93 75 84 24 96 23 79 11 53 67 39 83 18 87 30 60 13 90 54 26 39 54 79 71 69 30 22 42 8 4 87 53 31 72 78 27 95 9
91 1 28 30 36 46 18 66 6 31 9 12 9 48 66 41 71 88 71 93 30 32 49 70 85 32 42 15 12 89 24 3 90 5 33 26 51 3 93 10 87 54 74 48 2 41 89 26 81 13 19 63 97 21 33 82 53 27 50 65 17 26 68 7 31 54 86 35 9 31 97 96 85 71 97 39 64 86 65 45 51 37 9 48 58 42 31 63 70 33 29 39 59 49 98 43 55 84 78 65
67 75 13 52 98 10 44 63 97 9 8 48 98 69 97 8 64 80 72 86 13 53 25 24 2 23 67 58 60 97 23 27 24 36 32 23 47 76 38 96 85 46 96 36 68 45 44 32 25 16 18 90 69 95 67 24 18 86 34 78 84 57 58 8 45 90 83 44 66 21 92 3 20 89 39 88 86 84 72 12 52 42 54 74 37 73 50 55 60 84 86 44 41 44 4 38 34 40 35 52
61 27 55 33 68 95 73 55 31 45 19 35 87 73 9 24 99 59 32 59 43 18 55 36 14 11 27 48 51 62 52 65 41 7 98 10 2 24 65 85 69 36 21 9 61 30 33 60 42 65 19 37 35 26 26 49 38 53 49 89 67 1 6 8 9 57 70 63 81 87 49 2 23 22 11 85 52 45 45 46 62 17 84 98 43 10 99 81 15 49 23 82 2 81 42 11 90 13 27 71
0 28 74 76 50 85 61 54 82 58 1 45 27 37 95 71 99 94 4 66 95 79 0 98 13 42 61 3 7 88 75 60 16 1 36 66 38 49 73 21 7 74 18 35 63 13 58 14 59 14 80 55 94 80 5 59 22 66 62 82 55 89 42 23 90 78 42 81 79 15 2 86 41 72 73 4 37 83 18 48 98 50 3 44 30 60 3 4 27 65 86 34 7 28 57 97 58 99 30 37
66 84 76 7 56 1 63 45 85 33 94 35 83 49 79 13 10 34 18 37 99 56 71 6 85 80 56 95 80 38 85 46 23 61 6 79 14 69 77 51 3 71 86 38 20 17 52 30 51 22 19 51 30 90 9 15 71 17 63 3 56 48 1 79 61 7 10 27 29 87 79 84 10 65 22 31 83 26 13 34 0 33 37 31 75 99 98 98 68 61 1 24 61 55 55 74 14 18 2 43
5 81 79 68 98 2 99 33 80 12 20 33 45 57 64 73 8 14 71 77 28 73 53 89 80 9 16 94 27 18 90 84 51 69 52 49 23 3 83 56 16 3 89 13 12 53 86 73 67 58 50 47 83 3 37 15 64 53 9 91 23 51 28 74 21 32 75 96 36 58 52 52 13 41 17 78 46 56 51 66 66 53 13 49 8 50 16 73 55 25 16 30 29 44 56 2 29 32 98 65
42 51 69 8 44 86 86 91 94 89 57 60 94 70 61 2 73 77 27 80 55 44 11 84 40 67 86 69 51 36 34 94 39 3 2 84 42 40 75 36 29 84 49 75 54 10 77 79 40 5 60 95 1 23 31 41 42 69 63 46 5 97 40 45 53 42 81 47 82 56 35 63 92 36 38 98 47 67 78 87 24 90 34 25 65 17 19 59 86 82 5 43 31 45 88 36 39 69 35 73
77 71 36 69 7 26 68 6 46 98 45 70 88 31 96 5 48 67 64 34 49 70 78 32 67 18 69 7 40 4 32 17 27 21 39 87 47 59 93 93 57 91 16 97 22 64 2 71 31 18 57 32 40 87 64 8 58 85 67 98 42 99 67 21 20 6 8 20 65 54 65 74 45 33 23 19 97 77 42 28 96 52 60 36 39 77 96 97 14 15 47 56 67 15 78 39 21 86 59 39
92 77 65 89 10 89 9 8 66 3 88 14 55 1 51 95 78 99 44 44 15 92 1 82 7 31 21 80 69 33 71 62 62 89 51 72 78 12 32 96 16 73 11 71 74 14 18 4 65 15 48 80 7 49 14 66 32 88 98 2 21 22 64 35 11 67 7 41 80 92 89 96 65 0 19 39 66 38 95 84 5 43 16 12 45 31 30 77 71 80 79 44 2 95 79 65 63 38 6 43
30 96 91 47 48 62 38 67 0 33 51 57 29 67 69 26 50 51 3 21 32 35 65 86 30 96 52 93 35 58 88 17 6 79 65 7 42 55 74 94 89 77 52 70 44 73 96 47 25 99 68 9 86 86 95 17 82 47 62 17 58 51 35 64 82 52 71 76 7 97 23 48 74 27 18 19 0 14 66 77 66 86 38 4 72 34 21 7 81 36 24 91 39 11 56 21 15 79 50 23
77 73 71 3 0 42 22 52 8 40 30 74 79 68 79 3 54 52 10 88 40 87 79 79 50 87 53 66 67 3 89 96 28 12 99 80 6 74 32 15 66 14 41 97 35 72 1 89 77 63 77 17 50 9 49 1 96 2 67 15 57 8 63 85 72 15 65 79 89 49 94 7 64 35 5 99 8 58 40 85 21 70 54 72 79 3 25 75 57 44 43 14 52 6 51 24 21 68 3 62
18 97 22 82 85 27 33 45 37 73 82 58 43 36 82 74 40 7 2 97 51 45 64 55 3 15 80 77 84 35 39 54 85 13 88 70 40 21 15 29 46 97 88 42 85 70 68 77 30 70 75 33 15 91 89 71 6 69 48 42 4 39 96 89 53 36 11 45 9 78 75 8 27 63 50 13 85 70 90 67 41 17 1 8 60 90 79 67 11 79 61 15 19 10 57 72 46 20 69 56
99 44 64 26 59 66 91 97 36 34 64 29 51 65 38 64 7 17 31 18 97 44 86 68 54 43 92 53 63 61 61 14 58 77 93 17 95 84 66 83 18 31 13 22 48 51 86 8 20 69 26 69 65 12 37 20 7 29 25 23 91 86 37 49 15 82 18 10 67 85 93 37 68 6 11 68 9 97 76 30 18 55 99 84 67 37 56 27 18 81 50 61 19 39 10 86 22 81 96 41
18 89 78 86 48 90 6 57 39 83 87 10 38 39 94 57 28 2 84 46 35 86 8 6 26 70 92 0 51 88 41 69 29 71 7 29 61 14 87 53 97 26 63 87 65 9 44 93 11 81 92 98 67 0 4 45 70 96 45 74 36 86 95 17 10 3 47 71 17 34 76 66 12 91 53 78 0 49 23 63 82 15 13 50 67 17 95 90 65 93 64 53 31 59 71 41 14 18 65 31
4 41 49 16 33 54 46 85 4 22 1 86 37 14 88 57 84 36 47 1 29 11 55 12 22 26 54 37 96 71 20 52 12 70 20 97 24 19 35 80 41 88 19 30 54 59 87 38 95 34 40 76 97 47 41 72 25 47 61 21 18 81 25 82 3 97 32 80 16 67 12 9 7 83 92 61 43 79 0 90 66 92 19 15 39 60 87 64 7 48 37 77 82 14 59 85 11 91 17 80
10 30 89 17 13 81 79 8 13 31 99 31 23 70 46 14 82 34 78 41 34 67 18 16 81 77 54 44 21 71 24 31 53 66 49 67 99 28 75 12 59 26 43 34 96 90 48 30 76 78 71 62 45 89 79 78 19 85 22 40 56 99 71 10 65 20 29 16 0 56 29 11 83 24 45 31 66 93 62 94 71 85 57 68 75 88 98 46 73 73 86 81 72 9 43 89 82 72 5 82
29 86 94 64 11 91 47 29 85 61 24 8 47 81 29 74 69 27 20 94 0 58 75 24 67 19 13 49 91 71 32 72 9 78 88 72 69 36 2 6 49 26 67 48 59 96 22 80 75 94 74 76 52 49 52 20 20 18 21 64 89 5 36 50 35 25 23 5 13 25 63 62 3 30 11 62 78 85 42 54 80 68 82 84 69 34 56 90 4 78 54 45 83 42 96 19 67 19 76 32
44 91 47 47 22 10 61 52 95 3 6 27 23 40 64 92 27 20 82 31 50 36 77 34 79 73 5 98 92 33 83 88 24 30 35 98 92 48 51 39 51 9 19 26 2 83 18 29 3 1 60 54 89 89 40 20 62 97 71 6 82 6 46 58 88 81 57 80 81 60 71 84 21 90 10 23 73 29 52 29 82 65 35 23 54 27 96 69 24 19 27 6 25 74 64 13 7 73 93 89
85 64 73 7 7 84 30 80 65 35 61 47 0 96 22 6 23 18 75 99 37 3 57 62 77 74 27 36 47 72 25 33 37 99 92 96 35 74 76 0 9 90 99 61 86 21 68 62 40 95 61 29 50 19 44 79 93 71 16 92 44 41 77 33 92 69 29 27 96 57 79 5 47 78 19 86 0 39 48 92 34 61 21 85 80 17 64 25 89 80 18 85 74 47 18 18 17 47 46 65
56 25 70 4 56 41 90 56 80 38 0 15 99 73 52 32 91 16 9 32 49 79 17 23 27 35 41 96 34 39 61 90 17 83 46 73 25 36 81 57 26 33 72 78 6 76 62 97 93 71 29 94 51 98 69 30 85 10 26 19 2 87 62 71 22 60 96 47 49 29 5 27 62 29 5 68 58 19 66 51 91 47 45 94 98 66 24 83 76 50 55 30 89 69 1 11 29 49 11 78
78 68 6 40 49 63 9 7 83 27 58 26 26 55 20 24 21 44 8 50 46 15 32 35 84 86 98 65 35 9 44 14 29 2 6 79 17 15 86 52 94 97 78 21 4 50 97 78 46 5 80 92 72 12 79 56 50 30 22 86 39 18 52 69 72 58 48 41 26 86 94 20 83 24 41 88 75 39 18 21 96 98 66 69 10 45 77 61 75 51 99 67 21 3 88 45 61 88 87 87
74 81 60 10 57 1 50 32 92 68 54 41 66 72 62 28 69 39 89 97 43 40 64 64 43 4 10 57 92 49 96 18 30 56 28 39 10 78 72 2 46 78 43 12 50 57 41 19 49 82 16 92 75 32 8 18 36 70 27 80 19 24 99 1 80 79 41 90 10 13 45 56 43 40 21 93 98 14 64 99 48 33 91 75 17 51 46 6 22 73 86 41 97 37 43 30 69 36 72 79
49 69 87 92 62 60 37 12 26 53 11 75 38 2 2 56 53 48 62 27 22 0 69 71 90 64 53 59 0 78 90 1 47 77 45 9 90 34 21 16 87 84 43 78 86 46 34 92 94 48 19 68 0 40 40 42 4 93 53 56 23 43 57 71 73 2 32 63 36 6 31 76 90 75 54 29 73 40 73 67 40 92 36 92 85 28 35 41 73 88 98 97 84 55 20 9 10 4 24 46
10 55 74 53 82 80 82 55 20 55 75 12 99 63 5 84 91 92 26 16 80 24 13 16 31 85 25 41 90 49 40 0 57 66 53 39 47 87 95 19 42 22 32 94 85 89 78 28 81 56 44 13 32 10 30 16 95 7 9 85 57 49 38 66 68 91 5 15 31 52 86 73 74 18 67 11 59 98 39 40 6 84 54 39 94 36 55 41 43 64 27 52 66 65 18 86 8 76 1 39
28 39 65 55 10 84 66 69 82 58 10 41 94 16 80 40 52 87 81 95 3 8 48 21 25 18 7 34 94 60 73 23 0 38 30 10 23 48 79 57 6 41 98 0 57 30 40 9 69 74 57 73 82 5 46 8 23 6 94 70 66 67 93 66 58 75 28 33 23 60 42 82 1 93 34 11 23 27 72 45 1 29 70 35 86 16 43 62 22 37 32 41 57 77 59 67 52 88 52 27
48 46 9 1 39 96 64 15 23 37 60 76 66 30 11 53 98 7 15 73 96 99 14 5 76 73 24 80 13 76 7 13 23 69 15 14 65 79 29 40 68 41 16 35 23 79 40 22 86 7 47 35 6 61 40 34 86 65 14 0 41 21 13 16 90 80 31 7 12 12 47 80 54 15 15 77 95 7 51 33 14 50 68 72 11 9 6 98 74 20 50 67 94 63 36 36 44 19 44 56
31 43 88 37 59 56 67 6 63 18 39 30 69 8 54 32 69 13 82 95 85 32 62 79 48 50 16 44 69 12 52 1 55 40 38 66 96 5 72 12 76 64 42 97 24 48 81 93 61 64 88 47 48 2 26 48 53 94 92 22 58 96 75 66 37 66 84 85 71 9 97 99 73 91 48 97 92 30 90 53 46 30 0 46 32 79 95 37 25 39 60 84 36 87 2 25 53 86 62 77
95 60 28 68 3 77 17 95 7 59 1 5 89 1 51 74 32 98 11 58 90 23 94 78 11 96 3 64 82 65 93 30 77 22 98 33 99 16 80 58 75 81 63 17 83 66 91 67 65 2 77 55 26 71 33 37 19 88 53 54 5 99 84 35 73 34 20 24 50 0 82 78 82 97 47 17 15 38 84 80 40 62 87 18 85 72 7 57 12 13 11 70 12 95 5 37 29 77 61 32
77 43 62 59 92 9 28 7 99 65 40 91 79 27 10 64 52 69 21 64 82 84 34 46 31 91 83 61 68 44 45 98 39 59 9 31 68 38 91 19 3 31 10 34 10 72 98 62 42 72 79 76 8 65 23 40 57 58 53 77 55 98 75 94 9 37 78 29 75 69 48 30 0 58 64 10 31 14 25 25 38 4 1 47 69 76 87 78 35 92 8 42 90 35 36 99 72 66 28 99
87 28 29 87 86 45 50 69 60 27 46 50 31 48 97 52 76 36 31 63 28 39 5 70 26 94 21 99 60 1 98 48 29 80 87 68 25 89 89 37 16 88 88 47 36 37 52 64 26 83 28 6 74 33 29 0 79 50 51 40 4 2 40 85 82 79 5 59 69 95 49 37 83 37 37 71 26 89 35 4 24 15 11 98 49 40 50 80 42 2 72 46 56 12 84 38 44 89 49 65