100
-376.371 -762.004
960.85 779.555
815.597 -928.334
-161.509 572.743
-394.602 946.805
-559.271 -585.052
-779.349 142.925
409.385 762.063
20.9012 -719.26
596.978 -789.575
993.785 309.704
967.878 144.252
918.788 -737.918
681.266 148.091
-282.939 306.677
-778.774 -996.537
-534.746 -109.659
793.886 -557.554
854.301 617.372
-118.101 232.207
325.681 933.791
322.126 551.369
-945.922 -797.535
828.314 84.3634
-541.119 17.5609
-365.841 -750.305
-840.783 -682.079
941.747 538.662
-137.207 -932.606
196.52 785.783
-843.423 -252.142
839.289 -895.674
-561.311 -45.4996
410.525 574.743
610.283 231.583
-960.182 887.691
-839.332 -370.947
-399.703 434.269
-484.613 -515.192
989.681 -578.245
-138.452 752.814
482.991 670.65
-196.613 644.465
-173.023 337.572
678.659 -446.993
-293.911 716.147
435.208 756.503
638.286 853.508
780.933 804.796
-533.771 563.011
-137.501 -428.279
448.672 388.29
-901.172 -116.966
-71.1279 735.236
50.0068 -178.117
532.431 -401.491
-186.907 443.805
-669.994 -131.885
-451.12 -49.9188
516.745 -17.6479
-693.543 808.132
199.537 904.397
103.609 896.363
-888.279 394.318
-692.43 -960.008
-871.615 -791.851
587.854 -689.922
685.861 -678.985
508.876 -889.236
-253.671 480.717
-39.6414 534.444
272.695 913.844
-427.341 -518.988
523.578 856.869
973.395 -78.7321
537.245 -960.9
-620.901 -31.5204
456.082 -480.808
-764.648 -239.614
-986.445 -985.859
-338.32 -850.842
-481.744 -400.587
-286.118 -187.736
-23.2242 970.442
-755.423 -673.491
341.996 -659.167
953.871 -893.891
-832.033 297.438
-923.743 29.9976
269.601 493.979
404.186 11.9807
658.966 -160.291
-250.383 27.3801
296.764 829.527
404.843 -502.984
-104.472 499.301
-372.545 231.7
801.585 -192.635
115.758 -89.2347
594.359 -359.006